<?xml version="1.0" encoding="UTF-8" standalone="no"?>
<!-- Created with Inkscape (http://www.inkscape.org/) -->

<svg
   width="210mm"
   height="297mm"
   viewBox="0 0 210 297"
   version="1.1"
   id="svg1"
   xml:space="preserve"
   inkscape:export-filename="bitmap.svg"
   inkscape:export-xdpi="96"
   inkscape:export-ydpi="96"
   xmlns:inkscape="http://www.inkscape.org/namespaces/inkscape"
   xmlns:sodipodi="http://sodipodi.sourceforge.net/DTD/sodipodi-0.dtd"
   xmlns="http://www.w3.org/2000/svg"
   xmlns:svg="http://www.w3.org/2000/svg"><sodipodi:namedview
     id="namedview1"
     pagecolor="#ffffff"
     bordercolor="#000000"
     borderopacity="0.25"
     inkscape:showpageshadow="2"
     inkscape:pageopacity="0.0"
     inkscape:pagecheckerboard="0"
     inkscape:deskcolor="#d1d1d1"
     inkscape:document-units="mm"><inkscape:page
       x="0"
       y="0"
       width="210"
       height="297"
       id="page2"
       margin="0"
       bleed="0" /></sodipodi:namedview><defs
     id="defs1" /><g
     inkscape:groupmode="layer"
     id="layer3"
     inkscape:label="Layer 2"><path
       style="fill:none;stroke:#000000;stroke-width:0.264583;stroke-opacity:1"
       d="m 73.036971,172.1221 c -0.340497,-0.3405 -0.680995,-1.362 -1.021495,-1.0215 -0.340497,0.3405 1.361996,1.362 1.021495,1.0215 -1.457745,-1.45775 -1.861304,-1.67962 -2.298366,-2.55374 -0.211624,-0.42325 -0.732068,-0.4767 -1.021496,-0.76613 -0.120382,-0.12038 0.120386,-0.39036 0,-0.51074 -0.06019,-0.0602 -0.19518,0.0602 -0.255373,0 -0.120385,-0.12039 0.07614,-0.35848 0,-0.51075 -0.271954,-0.54391 -0.805659,-0.88473 -1.021495,-1.53225 -0.179996,-0.53998 -0.272315,-1.05537 -0.510749,-1.53224 -0.27083,-0.54166 0,-1.69435 0,-2.29837 0,-0.42766 -0.121775,-1.13144 -0.255373,-1.53224 -0.03807,-0.11421 -0.226177,-0.13859 -0.255376,-0.25538 -0.103227,-0.41291 0.10323,-0.86395 0,-1.27687 -1.043805,-4.17522 -1.063723,-9.02455 0,-13.27944 0.226999,-0.908 -0.680998,1.02149 0,-1.0215 0.09706,-0.29117 0.413692,-0.47495 0.510749,-0.76612 0.08076,-0.24227 -0.06194,-0.51838 0,-0.76612 0.06527,-0.26111 0.883213,-1.76643 1.021495,-2.043 0.422812,-0.84562 0.359008,-1.73951 0.766122,-2.55374 0.161513,-0.32302 0.549432,-0.4772 0.766123,-0.76612 0.114207,-0.15228 0.170248,-0.3405 0.255373,-0.51075 0.170251,-0.25537 0.326596,-0.52058 0.510749,-0.76612 1.635133,-2.18018 3.978915,-4.16014 6.384351,-5.36285 0.90501,-0.45251 1.388697,-1.33279 2.298366,-1.78762 0.313926,-0.15697 0.695622,-0.12503 1.021496,-0.25538 0.395181,-0.15807 0.640807,-0.57578 1.021498,-0.76612 0.313923,-0.15696 0.695618,-0.12502 1.021495,-0.25537 0.708694,-0.28348 1.343985,-0.7885 2.042991,-1.0215 0.229838,-0.0766 0.536286,0.0766 0.766122,0 0.114207,-0.0381 0.141168,-0.21731 0.255376,-0.25537 0.323024,-0.10768 0.698471,0.10767 1.021495,0 0.114208,-0.0381 0.138584,-0.22618 0.255373,-0.25538 0.958483,-0.23962 2.32377,0 3.319862,0 0.44663,0 1.650506,-0.19624 2.042994,0 0.454684,0.22734 0.72822,0.53099 1.276871,0.76613 0.389567,0.16695 1.373486,0.26227 1.787618,0.51074 0.300439,0.18027 0.465682,0.58586 0.766122,0.76612 0.326437,0.19587 0.716944,0.28234 1.021495,0.51075 0.0681,0.0511 0,0.17025 0,0.25538 0.08512,0.0851 0.147699,0.20153 0.255373,0.25537 0.07614,0.0381 0.195183,-0.0602 0.255376,0 0.134594,0.1346 0.12078,0.37615 0.255373,0.51075 0.07042,0.0704 1.773569,1.06133 2.042989,1.27687 1.28627,1.02901 2.62524,2.50061 3.57524,3.83061 1.23572,1.73001 1.89853,3.90796 2.55374,5.8736 0.27371,0.82113 0.23126,1.71529 0.51075,2.55374 0.47417,1.42252 1.02137,2.80839 1.27687,4.34136 0.028,0.16793 0,0.3405 0,0.51075 0,0.25537 -0.042,0.51422 0,0.76612 0.72822,4.36932 0.80902,9.10565 0.25537,13.53482 -0.21079,1.68636 -0.0445,3.42049 -0.25537,5.10749 0.45514,0.79926 -0.38921,1.17993 -0.51075,1.78761 -0.0501,0.25042 0.0501,0.51571 0,0.76613 -0.78815,3.94072 -2.7047,8.45394 -5.36285,11.49183 -0.79274,0.90598 -1.78306,1.62892 -2.553744,2.55374 -0.121857,0.14622 -0.12078,0.37615 -0.255373,0.51075 -0.569826,0.56982 -2.839673,2.1349 -3.575238,2.29836 -1.439111,0.3198 -2.895423,0.47694 -4.341358,0.76612 -1.031523,0.20631 -2.040178,0.56127 -3.064488,0.76613 -0.333886,0.0668 -0.691163,-0.0826 -1.021496,0 -2.311852,0.57796 2.897751,-0.0749 -1.78762,0.51074 -1.171588,0.14645 -2.409182,0.0888 -3.575235,0.25538 -0.188431,0.0269 -0.324101,0.21804 -0.510749,0.25537 -1.152176,0.23044 -2.458048,-0.0692 -3.575235,-0.25537 -0.614813,-0.10247 -1.476502,0.0629 -2.042994,0 -1.513734,-0.16819 -3.111796,-0.34186 -4.596733,-0.76612 -0.18302,-0.0523 -0.324099,-0.21805 -0.510746,-0.25538 -0.250415,-0.0501 -0.515708,0.0501 -0.766122,0 -1.536965,-0.30739 -3.016888,-1.75906 -4.34136,-2.55374 -2.906935,-1.74416 -5.238401,-4.69654 -7.405847,-7.40585 -0.363198,-0.45399 -0.612896,-0.3405 -1.021495,-1.02149 -0.08759,-0.14599 0.08447,-0.36293 0,-0.51075 -0.270428,-0.47325 -0.704683,-0.83333 -1.021495,-1.27687 -0.588077,-0.8233 -1.076664,-1.89795 -1.532245,-2.80911 -0.547023,-1.09405 -0.907026,-2.27783 -1.532244,-3.31987 -0.218983,-0.36496 -0.547143,-0.65652 -0.766122,-1.02149 -0.431345,-0.71891 -0.614344,-1.56549 -1.021496,-2.29837 -0.11693,-0.21047 -0.403074,-0.2954 -0.510749,-0.51075 -0.156961,-0.31392 -0.125023,-0.69562 -0.255373,-1.02149 -0.212077,-0.5302 -0.541181,-1.00738 -0.766122,-1.53225 -0.339379,-0.79188 -0.983994,-1.56617 -1.276871,-2.29836 -0.738376,-1.84594 -1.31064,-4.64528 -1.532245,-6.63973 -0.484748,-4.36274 1.118291,-8.35217 2.042994,-12.51333 0.148878,-0.66995 0.06683,-1.3831 0.255373,-2.04299 0.658318,-2.30411 1.453827,-4.53844 2.042993,-6.8951 0.06009,-0.24035 -0.06009,-0.52577 0,-0.76612 0.298448,-1.19379 0.972736,-2.3587 1.276869,-3.57524 0.02064,-0.0826 0,-0.17024 0,-0.25537 0.08512,-0.51075 0.09163,-1.04102 0.255373,-1.53224 0.09706,-0.29117 0.373491,-0.49161 0.510749,-0.76613 0.7195,-0.20821 0.117118,-0.69889 0.255373,-1.02149 0.771282,-1.79965 1.862413,-3.40342 2.809116,-5.10748 0.532029,-0.95765 0.425622,-1.27687 1.276871,-2.55374 0.267107,-0.40067 0.7044,-0.6591 1.021495,-1.0215 2.457514,-2.80858 -1.078034,0.96448 1.532245,-2.29837 0.376018,-0.47002 0.915715,-0.79533 1.276868,-1.27686 0.161513,-0.21536 0.11974,-0.53361 0.255376,-0.76613 0.984713,-1.68808 2.340332,-3.62559 3.575235,-5.10748 0.308274,-0.36993 0.720683,-0.64548 1.021496,-1.02149 0.680762,-0.85096 1.266094,-2.28759 2.042993,-3.06449 0.809802,-0.8098 2.041575,-1.27404 2.55374,-2.29837 1.377021,-2.754041 -0.513527,0.003 1.532244,-2.04299 0.120386,-0.120385 -0.072,-0.356473 0,-0.510749 0.80494,-1.724871 1.702493,-3.404986 2.55374,-5.107479 0.20719,-0.414383 0.440883,-1.207006 0.766122,-1.532245 0.268666,-0.268665 0.960708,-0.626292 1.276871,-1.021498 1.145998,-1.432496 2.214944,-2.868133 3.319862,-4.341357 0.361154,-0.481539 0.900854,-0.806847 1.276872,-1.276871 0.118906,-0.148633 0.120779,-0.376153 0.255373,-0.510747 0.217027,-0.217027 0.549095,-0.293721 0.766122,-0.510749 0.04706,-0.04706 0.208317,-0.719066 0.255373,-0.766122 0.134594,-0.134593 0.376156,-0.120779 0.510749,-0.255373 0.385419,-0.385418 0.666774,-0.863028 1.021496,-1.276871 0.672658,-0.784768 0.380674,-0.304541 1.276871,-1.021496 1.23826,-0.99061 2.360451,-2.291966 3.575235,-3.319862 0.01918,-0.01622 2.010159,-1.355306 2.298367,-1.787617 1.082357,-1.623536 1.932762,-3.610152 2.809115,-5.362855 0.633725,-1.267453 1.677636,-2.333776 2.298364,-3.575238 1.134235,-2.268464 1.704015,-4.973714 3.06449,-7.150473 1.12935,-1.806956 2.22081,-3.649634 3.06449,-5.618229 0.69449,-0.218575 0.12502,-0.695621 0.25537,-1.021495 0.0611,-0.152707 0.98812,-1.8761 1.0215,-2.042991 0.42443,-2.122144 -0.44322,-0.04114 0.25537,-1.78762 0.28179,-0.70448 0.73971,-1.338511 1.0215,-2.042991 0.12979,-0.324493 0.43268,-1.605468 0.51075,-1.787618 -0.54013,-1.143785 0.74697,-0.983207 1.02149,-1.532244 0.23157,-0.463129 0.0916,-1.041024 0.25538,-1.532244 0.81132,-2.433982 1.09879,-6.021364 0.76612,-8.682718 -0.18681,-1.494478 -0.22604,-0.138014 -0.51075,-1.276871 -0.0413,-0.165166 0.0538,-0.349234 0,-0.510746 -0.0978,-0.293346 -0.60969,-0.354314 -0.76612,-0.510749 -0.44096,-0.440955 -0.65955,-1.049653 -1.0215,-1.532245 -0.39868,-0.531574 -1.00089,-0.922639 -1.53224,-1.276871 -0.22398,-0.149318 -0.57578,-0.06503 -0.76612,-0.255373 -0.0602,-0.06019 0.0807,-0.228455 0,-0.255373 -0.24227,-0.08076 -0.51838,0.06194 -0.76613,0 -0.15496,-0.03874 -1.05374,-0.473562 -1.27687,-0.510749 -0.58776,-0.09796 -1.19174,0 -1.787614,0 -0.759116,0 -2.872251,-0.239591 -3.830611,0 -1.259753,0.314939 -4.098542,1.737844 -5.10748,2.298366 -2.700419,1.500233 -4.454546,3.557836 -6.384351,5.873602 -0.308274,0.36993 -0.773747,0.608581 -1.021498,1.021498 -0.276989,0.461653 -0.233754,1.070589 -0.510746,1.532244 -0.24775,0.412914 -0.754388,0.620832 -1.021495,1.021496 -0.04406,0.0661 -0.562221,2.708158 -0.766123,3.319862 -0.395295,1.185881 0.216969,5.464611 0.510747,6.639724 0.245406,0.981622 -0.02827,3.348598 0.255376,4.34136 0.125933,0.440772 0.399565,0.832146 0.510746,1.276868 0.226999,0.907997 -0.07567,0.491832 0,1.021498 0.07323,0.512588 0.191151,1.018448 0.255373,1.532245 0.208405,1.667216 0.103124,3.432701 0.255376,5.107479 0.04688,0.515668 0.170249,1.021496 0.255373,1.532245 0.08513,0.766122 0.19136,1.530191 0.255373,2.298366 0.109681,1.316165 0.07113,2.540855 0.255376,3.830611 0.02692,0.188431 0.224081,0.322993 0.255373,0.510747 0.275813,1.654868 0.0185,3.449306 0.255374,5.107482 0.02692,0.188431 0.231767,0.321871 0.255375,0.510746 0.146823,1.174586 -0.130733,2.398652 0,3.575238 0.505101,4.545909 0.255374,9.210611 0.255374,13.790197 0,1.485874 -0.163703,3.123414 0,4.596733 0.02973,0.267542 0.225647,0.498581 0.255373,0.766122 0.106407,0.957652 -0.07094,1.63156 0,2.55374 0.242546,3.15309 0.55581,6.29417 0.766122,9.44884 0.129622,1.9443 0.07906,3.9342 0.255376,5.8736 0.263496,2.89847 0.175387,0.14166 0.510746,3.83061 0.199911,2.19902 0.236022,4.44191 0.510749,6.63973 0.161076,1.2886 0.792504,2.31578 1.021496,3.57523 0.256772,1.41225 0.143174,3.13812 0.255375,4.59673 0.12626,1.64141 0.347599,3.22063 0.510747,4.85211 0.0254,0.25411 0,0.51075 0,0.76612 0.08512,1.0215 0.110413,2.04976 0.255373,3.06449 0.02692,0.18843 0.228457,0.32232 0.255376,0.51075 0.200946,1.40663 -0.08855,2.9246 0,4.34136 0.163221,2.61156 0.36952,5.33869 0.766122,7.91659 0.170249,1.10663 0.310459,2.21829 0.510746,3.31987 0.173623,0.95491 0.658943,1.84448 0.766123,2.80911 0.0564,0.50763 -0.0564,1.02462 0,1.53225 0.02973,0.26754 0.202583,0.50216 0.255375,0.76612 0.266401,1.33201 0.387856,2.98956 0.510747,4.34136 0.167714,1.84485 0,3.76594 0,5.61822 0,1.60244 0.245364,3.51262 0,5.10749 -0.09423,0.61251 -0.360445,1.1864 -0.510747,1.78761 -0.212288,0.84915 0,1.90773 0,2.80912 0,0.59587 0,1.19174 0,1.78762 -0.08512,0.34049 -0.226226,0.67173 -0.255375,1.02149 -0.147678,1.77214 0.176937,3.59348 0,5.36285 -0.415912,4.15913 -0.775563,8.33247 -1.021496,12.51333 -0.19359,3.29106 0,6.66129 0,9.95959 0,1.0215 0.119354,2.04999 0,3.06449 -0.438787,3.72969 -1.186129,7.33941 -2.042991,10.98108 -0.340243,1.44603 -0.244678,2.87797 -0.510749,4.34136 -0.221244,1.21684 -0.82723,2.19577 -1.276871,3.31986 -0.475144,1.18787 -0.386657,1.9261 -0.766122,3.06449 -0.461433,1.3843 -1.172057,2.66937 -2.042991,3.83061 -0.327038,0.43605 -0.891452,0.63608 -1.276871,1.0215 -0.134593,0.13459 -0.12078,0.37615 -0.255373,0.51075 -1.635853,1.63585 -0.693404,0.63488 -2.298367,1.27687 -0.706921,0.28276 -1.291973,0.89632 -2.042993,1.02149 -1.300808,0.2168 -2.43912,0.25538 -3.830608,0.25538 -2.32413,0 -4.43283,-0.28587 -6.639727,-1.0215 -0.645623,-0.21521 -1.214554,-0.7668 -1.787618,-1.0215 -0.314182,-0.13963 -2.719295,-0.82644 -3.319862,-1.27687 -0.152275,-0.1142 -0.120779,-0.37615 -0.255373,-0.51074 -0.838094,-0.83809 -1.971024,-1.46028 -2.809115,-2.29837 -0.06019,-0.0602 0.05107,-0.18727 0,-0.25537 -0.288923,-0.38523 -0.754388,-0.62084 -1.021496,-1.0215 -0.989938,-1.48491 -1.8186,-3.11096 -2.809115,-4.59673 -0.674214,-1.01133 -1.843622,-1.92763 -2.298367,-3.06449 -0.06323,-0.15807 0.06707,-0.35426 0,-0.51075 -0.195524,-0.45622 -0.544142,-0.83291 -0.766122,-1.27687 -0.240768,-0.48154 -0.269978,-1.05071 -0.510747,-1.53224 -0.05384,-0.10768 -0.235582,-0.13663 -0.255373,-0.25538 -0.151334,-0.908 0.0908,-1.22579 0,-2.04299 -0.210521,-1.89467 -0.636622,-5.11111 0.255373,-6.8951 0.05384,-0.10767 0.210664,-0.1436 0.255374,-0.25537 0.499356,-1.24839 0.78079,-2.59042 1.276871,-3.83061 0.418923,-1.04731 1.026485,-2.05297 1.532244,-3.06449 0.908405,-1.81681 1.820823,-2.69803 3.575235,-3.57524 1.101334,-0.55066 2.51414,-1.20494 3.830611,-0.76612 0.496404,0.16547 0.859674,0.50537 1.276872,0.76612 0.743196,0.4645 1.569145,0.79073 2.298364,1.27687 0.803227,0.53549 1.145291,1.40067 1.78762,2.043 0.300961,0.30096 0.741219,0.4458 1.021495,0.76612 0.796467,0.91025 0.745294,1.4124 1.276871,2.29836 0.123873,0.20646 0.391293,0.30171 0.510747,0.51075 0.78696,1.37718 1.915144,4.08534 2.298366,5.61823 0.476084,1.90433 0.668229,9.38925 -0.255373,11.23646 -0.190346,0.38069 -0.547142,0.65653 -0.766122,1.02149 -0.292931,0.48822 -0.473194,1.04403 -0.766122,1.53225 -0.176956,0.29492 -1.012786,0.7545 -1.021496,0.76612 -0.671838,0.89578 -0.964864,2.29836 -2.298366,2.29836"
       id="path1" /></g></svg>
